0.000000  	 0.100000 	 1 
0.100000  	 1.100000 	 1 
0.200000  	 2.100000 	 1 
0.300000  	 3.100000 	 1 
0.400000  	 4.100000 	 1 
0.500000  	 5.100000 	 1 
0.600000  	 6.100000 	 1 
0.700000  	 7.100000 	 1 
0.800000  	 8.100000 	 1 
0.900000  	 9.100000 	 1 
1.000000  	 10.100000 	 1 
1.100000  	 11.100000 	 1 
1.200000  	 12.100000 	 1 
1.300000  	 13.100000 	 1 
1.400000  	 14.100000 	 1 
1.500000  	 15.100000 	 1 
1.600000  	 16.100000 	 1 
1.700000  	 17.100000 	 1 
1.800000  	 18.100000 	 1 
1.900000  	 19.100000 	 1 
2.000000  	 20.100000 	 1 
2.100000  	 21.100000 	 1 
2.200000  	 22.100000 	 1 
2.300000  	 23.100000 	 1 
2.400000  	 24.100000 	 1 
2.500000  	 25.100000 	 1 
2.600000  	 26.100000 	 1 
2.700000  	 27.100000 	 1 
2.800000  	 28.100000 	 1 
2.900000  	 29.100000 	 1 
3.000000  	 30.100000 	 1 
3.100000  	 31.100000 	 1 
3.200000  	 32.100000 	 1 
3.300000  	 33.100000 	 1 
3.400000  	 34.100000 	 1 
3.500000  	 35.100000 	 1 
3.600000  	 36.100000 	 1 
3.700000  	 37.100000 	 1 
3.800000  	 38.100000 	 1 
3.900000  	 39.100000 	 1 
4.000000  	 40.100000 	 1 
4.100000  	 41.100000 	 1 
4.200000  	 42.100000 	 1 
4.300000  	 43.100000 	 1 
4.400000  	 44.100000 	 1 
4.500000  	 45.100000 	 1 
4.600000  	 46.100000 	 1 
4.700000  	 47.100000 	 1 
4.800000  	 48.100000 	 1 
4.900000  	 49.100000 	 1 
0.000000  	 -0.100000 	 0 
-0.100000  	 -1.100000 	 0 
-0.200000  	 -2.100000 	 0 
-0.300000  	 -3.100000 	 0 
-0.400000  	 -4.100000 	 0 
-0.500000  	 -5.100000 	 0 
-0.600000  	 -6.100000 	 0 
-0.700000  	 -7.100000 	 0 
-0.800000  	 -8.100000 	 0 
-0.900000  	 -9.100000 	 0 
-1.000000  	 -10.100000 	 0 
-1.100000  	 -11.100000 	 0 
-1.200000  	 -12.100000 	 0 
-1.300000  	 -13.100000 	 0 
-1.400000  	 -14.100000 	 0 
-1.500000  	 -15.100000 	 0 
-1.600000  	 -16.100000 	 0 
-1.700000  	 -17.100000 	 0 
-1.800000  	 -18.100000 	 0 
-1.900000  	 -19.100000 	 0 
-2.000000  	 -20.100000 	 0 
-2.100000  	 -21.100000 	 0 
-2.200000  	 -22.100000 	 0 
-2.300000  	 -23.100000 	 0 
-2.400000  	 -24.100000 	 0 
-2.500000  	 -25.100000 	 0 
-2.600000  	 -26.100000 	 0 
-2.700000  	 -27.100000 	 0 
-2.800000  	 -28.100000 	 0 
-2.900000  	 -29.100000 	 0 
-3.000000  	 -30.100000 	 0 
-3.100000  	 -31.100000 	 0 
-3.200000  	 -32.100000 	 0 
-3.300000  	 -33.100000 	 0 
-3.400000  	 -34.100000 	 0 
-3.500000  	 -35.100000 	 0 
-3.600000  	 -36.100000 	 0 
-3.700000  	 -37.100000 	 0 
-3.800000  	 -38.100000 	 0 
-3.900000  	 -39.100000 	 0 
-4.000000  	 -40.100000 	 0 
-4.100000  	 -41.100000 	 0 
-4.200000  	 -42.100000 	 0 
-4.300000  	 -43.100000 	 0 
-4.400000  	 -44.100000 	 0 
-4.500000  	 -45.100000 	 0 
-4.600000  	 -46.100000 	 0 
-4.700000  	 -47.100000 	 0 
-4.800000  	 -48.100000 	 0 
-4.900000  	 -49.100000 	 0 
