 0.6996603   1.1981514
   0.3595440   0.9024531
  -0.3175236   0.1010717
   0.4718635  -0.6947684
   1.8494770  -0.4355945
   0.8188407   1.4703314
   0.6606711   1.3948551
   1.1978922  -0.2597649
  -0.0124703   0.3094635
   1.4598567   0.2915961
   2.0205685   2.2505319
   2.2799080   1.4201960
  -0.5323338   0.8879265
   0.8564154   0.6040885
   0.6678964   0.8223513
   1.7349568   1.4059577
   0.2702253   0.3447870
   0.9160794   0.8276142
   1.0128785  -0.2560861
   0.9479016   0.9238085
   0.0789937   1.4377123
   0.7083309  -0.2997126
   1.0593171   0.3432453
   0.0335711   1.6878157
   0.5334652   2.2627675
   1.6702845   1.4572525
   0.3508304   0.6396161
   1.3627284   1.3286710
   1.0800093   1.3708430
   0.0140828  -0.4628763
   1.8547437   0.4311760
   0.5995167   0.9236634
   1.2497141   1.0932682
   1.3218997   0.8498409
   1.5160257   0.8445819
   1.5690639   2.0406489
  -0.7494320   2.8431883
   1.0918481   2.3317958
   0.4224725   0.7158074
  -0.0804913   1.7335034
   0.2677730   2.0796957
   0.1395186   1.6252186
   1.1930506   0.7632194
   1.1040673   1.6396404
   0.4029649   1.1657503
   1.5100662   0.0086012
   1.4249408   1.6562451
   1.2337357   0.9857157
   1.1905473  -0.0500853
   2.1570408   2.0383219
   0.9117465   0.1124076
   1.3449022   0.2125677
   0.2385421  -0.5776249
   1.1457391   0.3516281
   0.5241869   0.5301039
   1.5900777   1.1255849
  -0.5902809   0.5107116
   0.6432430   0.3317676
   1.2890369   1.8978084
   0.6981101   0.8276679
  -0.0179230   0.5878922
   0.5102500   2.3099690
   1.5669035   0.6905688
   0.1569483  -0.5030636
   0.5720865   0.0738761
   2.1220683   1.7981536
   0.9426291   0.7341600
   1.2732267   1.0100385
   1.1336661   0.4119577
   1.1209478   3.2838971
   0.8171172   0.6493883
   2.4383289   1.1809517
   0.5118398   0.4442826
   1.4627918   0.7985737
   0.9279508   0.4740313
   0.4820205   1.8335644
   0.7311664   1.6605029
   1.0323583   0.9286997
  -0.1036309  -0.6727958
   1.4416031   1.0153779
   1.0354168   1.2782973
   0.9651315   0.3184632
   1.0131720   0.7863052
   0.0826165   0.1818142
   1.4295603   1.8412028
   0.9259355   1.4924550
   1.0060752   0.1402594
   0.2590202   1.4276475
   1.3888084  -0.1922902
  -0.0250586   1.7896842
   0.0827284   1.3340718
   1.5716348   2.1607703
  -0.7847729   0.6844094
   1.5851843   1.2293664
   0.7642135   0.9303093
   1.4986663   0.2499887
   2.2378588   1.3087611
   0.6730795   0.5849921
   1.0659923   0.1708073
   1.8061325   0.6805774
  -1.2434414  -1.0136771
  -0.9013766  -1.5886745
  -1.0923757  -1.4276494
  -1.2030756  -1.5742328
  -1.5272338  -0.5949510
  -0.5758962  -1.1892788
  -1.8517714  -0.7783817
  -1.4705750  -0.2303667
  -1.3306834  -0.7482839
   0.1021572  -1.3905739
  -1.9531694  -0.7399847
  -1.7286621  -0.6741721
  -1.4835387  -0.2154295
  -1.0191674  -1.2368417
  -1.2911464  -0.6363029
   0.1853817  -1.5750008
  -0.9775462  -0.4783130
  -0.7678284  -0.5373661
  -0.6320668  -0.8465458
  -0.8502588  -0.8358998
  -1.0154773  -0.6048516
  -1.1371141  -1.3266221
  -0.3380766  -0.8496937
  -1.2165685  -1.0955844
  -0.9929842  -1.0601876
  -0.6814245  -1.0276020
  -0.8511992  -0.8042925
  -1.7660942  -0.0441177
  -1.2144252  -1.0311919
  -0.9691353  -1.6074551
  -0.7985910  -1.0469599
  -0.4657971  -1.0496432
  -2.0442701  -0.8781343
  -1.3484079  -0.9637027
  -1.2674655  -1.8662108
  -0.6914969  -0.8238536
  -1.2480597  -0.6038717
  -0.1983210  -0.9462419
  -1.0659101  -0.1745150
  -1.3140405  -0.8369034
  -1.1009489  -0.9188258
  -0.3299962  -0.5149522
  -1.8793463  -0.7410273
  -1.2755207  -1.1375728
  -0.7742391  -1.6002145
  -1.6813510  -0.8742343
  -0.6514607   0.0631231
  -1.6323248  -0.9187947
  -0.9906796  -1.4983769
  -1.9436173  -1.0058296
  -0.6927150  -0.1571948
  -1.0082016  -0.9856611
  -0.7568104  -0.6064040
  -0.8117646  -1.0051838
  -1.9060788  -0.5261386
  -0.1334947  -1.1450648
  -0.3130158  -1.2566467
  -1.1185508  -1.2566609
  -0.8432414  -0.6703644
  -0.5478197  -1.1142446
  -1.9333205  -0.9861756
  -1.2102681  -0.3876261
  -0.4409898  -1.8503334
  -1.1205229  -1.6776247
  -1.3457439  -1.1372023
  -1.0712195  -1.1253344
  -0.9133499  -0.7902230
  -0.8702180  -1.4099818
  -1.4933228  -1.1849036
  -1.0500066  -1.6811591
  -1.2408827  -0.7234287
  -1.3233002  -0.7411320
  -0.2673870  -0.8391625
  -1.0990627  -0.3346001
  -1.3972576  -1.0869451
  -1.0494339  -0.8142101
  -1.3217399  -1.2383385
  -1.2909904  -0.8715389
  -1.1700211  -2.0660015
  -0.7000551  -1.2808340
  -0.9777444  -0.6044324
  -1.1132365  -1.3920508
  -1.1328445  -1.0830622
  -1.0460222  -1.2134048
  -0.2186711  -1.3290781
  -1.0731148  -1.7964370
  -0.7047997  -1.3489731
  -1.7741175  -0.7688474
  -0.7467832  -1.4460814
  -0.5285197  -0.8593190
  -1.6625575  -0.9273882
  -0.6717631  -1.7652787
  -0.9772245  -1.1032736
  -0.9118296  -1.0891157
  -0.8293994  -1.8183773
  -1.6076306  -1.3370531
  -0.7793252   0.0694854
  -1.4664030  -0.1279167
  -1.0537632  -0.3944299
  -0.9718416  -1.0371508



